SOFTSUSY problem:  pars=(1,4):
 3  12000  60000  1
 tanb=15 oneset=mU: 0.00139526  mC: 0.63913  mt: 165.749  mt^pole: 173.3
mD: 0.00277433  mS: 0.0607433  mB: 2.92962  mb(mb):  4.25
mE: 0.000502667  mM: 0.103936  mT: 1.75157  mb^pole: 4.98527
aE: 127.934  aS: 0.1172   Q: 91.1876  mT^pole: 1.777
loops: 3        thresholds: 1

